x <- 1:0.1:10
x
x <- 1:10:0.1
sq?
s
help(seq)
seq(0,10,0.1)
x <-seq(0,10,0.1)
rnorm(100)
rnorm(x)
x <- seq(0,10,0.1)
y <- x + rnorm(x)
plot(x,y)
help(table)
table(x,y)
dim(x)
length(x)
x <- seq(0,10,0.1)
y <- x + rnorm(x)
plot(x,y)
hist(x)
hist(y)
plot(x,y)
x <- seq(0,10,0.1)
y <- x + rnorm(x)
plot(x,y)
help(lsqfit)
clear
x <- seq(0,10,0.1)
y <- x + rnorm(x)
plot(x,y)
TopMembershipcrimeID1=[0.0000,18.6188,0.0000,0.0000,5.8639,0.0000,66.0630,15.2740,1.7061,0.0000,0.0000,0.0000,1.9872,0.0000,52.7380,0.0000,8.7070,5.1022,18.7704,0.0000];	TopMembershipcrimeID2=[0.0000,12.4650,24.2444,0.0000,3.2487,0.0000,88.0939,0.0000,0.0000,0.0000,0.0000,2.6707,8.8829,0.0000,70.1250,8.3427,12.0075,17.2160,1.0663,0.0000];	TopMembershipcrimeID3=[0.0000,100.5995,10.2540,0.0000,74.5162,0.0000,149.7214,0.0000,13.3401,0.0000,0.0000,18.8090,0.0000,0.0000,88.3694,14.7491,7.4736,0.0000,4.8187,0.0000];	TopMembershipcrimeID4=[0.0000,3.4578,11.3779,0.0000,1.5115,0.0000,38.9738,0.0000,0.0000,0.0000,0.0000,0.0000,5.9856,0.0000,32.8185,7.7696,4.3459,12.1967,0.0000,0.0000];	TopMembershipcrimeID5=[0.0000,16.7519,0.0000,0.0000,11.2499,0.0000,55.0341,0.0000,10.3925,0.0000,0.0000,7.3879,0.0000,0.0000,40.0467,0.0000,0.0000,0.0000,8.8507,0.0000];	TopMembershipcrimeID6=[0.0000,4.7942,0.0000,0.0000,3.9773,0.0000,14.8304,0.0000,0.0000,0.0000,0.0000,2.9407,0.0000,0.0000,10.8075,7.8127,0.0000,0.0000,1.3277,0.0000];	TopMembershipcrimeID7=[0.0000,8.7081,9.8515,0.0000,2.7241,0.0000,52.2638,9.3595,0.0000,0.0000,0.0000,0.0000,14.6315,0.0000,35.7140,0.0000,10.9261,0.0000,7.0475,0.0000];	TopMembershipcrimeID8=[0.0000,4.5545,4.2949,0.0000,2.7016,0.0000,20.4162,3.4081,0.0000,0.0000,0.0000,0.0000,5.4396,0.0000,16.7908,2.0867,1.0437,4.7413,3.0724,0.0000];	TopMembershipcrimeID9=[0.0000,7.5201,0.0000,0.0000,0.0000,0.0000,24.3591,0.0000,5.7025,0.0000,0.0000,2.7348,0.0000,0.0000,14.0841,0.0000,16.0312,0.0000,0.0000,0.0000];	TopMembershipcrimeID10=[0.0000,1.2317,7.8320,0.0000,0.0000,0.0000,21.6013,0.0000,0.0000,0.0000,0.0000,0.0000,1.2027,0.0000,16.8773,3.2064,1.1954,4.3877,0.0000,0.0000];	TopMembershipeconomyID1=[13.1145,149.1085,146.6580,72.5106,164.3063,61.5609,0.0000,0.0000,100.5810,0.0000,72.7779,454.2551,0.0000,90.5319,0.0000,0.0000,21.4687,0.0000,0.0000,68.2435];	TopMembershipeconomyID2=[3.0229,35.8766,1.1900,0.0000,30.1332,77.3320,0.0000,23.7840,3.9838,0.0000,0.0000,102.9721,32.0242,19.6943,16.2090,46.7833,0.0000,60.5373,24.9696,39.6555];	TopMembershipeconomyID3=[10.6106,5.3042,10.0786,0.0000,11.6403,0.0000,0.0000,0.0000,1.7833,2.9869,0.0000,16.0669,6.5611,4.2698,0.0000,16.8951,0.0000,0.0000,0.0000,0.0000];	TopMembershipeconomyID4=[26.4107,37.3051,9.4604,0.0000,52.7866,0.0000,12.6413,12.1937,7.1547,0.0000,0.0000,0.0000,37.6853,2.4903,0.0000,71.7798,0.0000,0.0000,12.8606,0.0000];	TopMembershipeconomyID5=[21.4916,21.1019,9.1845,0.0000,32.5134,0.0000,22.3996,16.0442,5.4426,4.2916,0.0000,36.0078,33.1569,0.2973,4.9780,18.3407,0.0000,0.0000,11.8921,0.0000];	TopMembershipeconomyID6=[14.2039,16.9009,2.3592,0.0000,22.1900,0.0000,15.7352,22.7108,7.2618,1.0425,0.0000,0.0000,33.3040,3.4226,3.4023,11.7834,0.0000,0.0000,16.5128,0.0000];	TopMembershipeconomyID7=[6.7758,11.4333,20.9275,0.0000,15.0258,0.0000,0.2787,18.1830,1.0839,0.0000,0.0000,0.0000,31.1893,0.1181,0.0000,30.0873,0.0000,0.0000,10.6473,0.0000];	TopMembershipeconomyID8=[0.8152,0.0000,56.9610,14.1939,0.0000,0.0000,0.0000,0.0000,0.0000,0.0000,17.1998,0.0000,9.7517,0.0000,0.0000,0.0000,0.0000,0.5339,0.0000,0.0000];	TopMembershipeconomyID9=[0.0000,0.0000,43.5473,1.0279,0.0000,0.0000,0.0000,0.0000,0.0000,0.0000,0.0000,0.0000,4.0118,0.0000,0.0000,13.5552,0.7522,0.0000,0.0000,1.5002];	TopMembershipeconomyID10=[0.0000,0.0000,108.3936,22.3304,0.0000,0.0000,0.0000,0.0000,0.0000,0.0000,50.1137,0.0000,0.0000,0.0000,0.0000,43.1550,0.0000,45.2116,0.0000,0.0000];	TopMembershipeducationID1=[0.0000,0.0000,0.0000,3.2920,0.0000,63.0798,0.0000,0.0000,0.0000,0.0000,47.4668,47.6072,0.0000,0.0000,0.0000,0.0000,33.2283,66.5471,0.0000,19.9197];	TopMembershipeducationID2=[14.6953,6.0580,0.0000,0.0000,15.0947,1.7582,0.0000,0.0000,0.0000,8.2674,0.0000,1.6259,0.0000,0.9490,0.0000,10.3399,4.5565,0.0000,0.0000,0.0000];	TopMembershipeducationID3=[3.0184,10.4677,2.5107,0.0000,7.2525,0.0000,0.5521,3.8264,14.3609,0.0000,0.0000,5.4573,0.0000,12.1669,0.0000,0.0000,1.6853,0.0000,8.9632,8.5548];	TopMembershipeducationID4=[0.8453,0.0000,4.8673,0.0000,0.0000,15.1665,0.0000,0.0000,0.0000,0.9802,0.0000,0.0000,0.0000,0.0000,0.0000,1.7321,0.0000,16.1195,0.0000,5.8988];	TopMembershipeducationID5=[1.4798,1.7784,1.1112,0.0000,3.6048,5.1576,0.2296,0.0000,0.0000,0.0000,0.0000,0.0000,0.0000,1.3106,0.2157,0.0000,0.0000,3.4649,0.0000,2.6935];	TopMembershipeducationID6=[0.0000,0.0000,8.3439,0.0000,0.0000,0.0000,0.0000,0.2571,0.0000,0.0000,2.4126,0.0000,1.1423,0.0000,0.0000,3.7784,0.6916,0.0000,0.0000,0.0000];	TopMembershipeducationID7=[0.0000,2.4354,0.9394,0.0000,1.4379,0.0000,1.2995,0.0000,0.3324,0.0000,0.0000,1.7373,0.0000,0.0000,0.0000,2.1164,0.3595,0.0000,0.7397,0.0000];	TopMembershipeducationID8=[0.0000,0.0000,0.5233,0.6503,0.0000,0.3153,0.0000,0.0000,0.0000,0.0000,1.2501,0.0000,0.0000,0.0000,0.0000,0.0000,1.1006,0.6713,0.0000,0.0000];	TopMembershipeducationID9=[10.5611,0.0000,3.2390,2.4899,1.7994,10.5495,0.0000,0.0000,0.0000,12.3541,0.0000,0.0000,0.0000,5.7690,0.0000,3.0175,0.0000,7.3648,0.0000,6.3430];	TopMembershipeducationID10=[1.2469,1.7889,0.2917,0.0000,2.4658,1.0360,0.0000,0.0000,1.3440,0.0000,0.0000,1.5031,0.0000,1.9439,0.0000,2.5106,0.2265,0.0000,0.0000,1.4247];	TopMembershipsportsID1=[0.0000,0.0000,0.0000,86.5425,0.0000,881.4993,0.0000,55.8612,0.0000,0.0000,155.4981,6.2921,0.0000,67.1112,344.1173,0.0000,114.4946,1087.1181,12.9754,437.5441];	TopMembershipsportsID2=[26.4602,0.0000,0.0000,0.0000,0.0000,306.5859,0.0000,0.0000,0.0000,20.6629,0.0000,27.4791,0.0000,28.7854,147.7832,0.0000,26.9481,387.1576,0.0000,139.4821];	TopMembershipsportsID3=[6.8949,0.0000,22.5868,0.0000,0.0000,189.1377,0.0000,31.7982,0.0000,1.2157,0.0000,0.0000,15.8781,8.1286,93.2909,5.8931,0.0000,242.7324,15.8222,95.2226];	TopMembershipsportsID4=[317.0582,221.6912,0.0000,0.0000,279.5504,1130.2353,14.3554,0.0000,65.0655,37.3407,0.0000,114.5932,0.0000,319.3137,493.7997,0.0000,0.0000,1245.5738,97.7668,633.5200];	TopMembershipsportsID5=[24.2325,12.7327,0.0000,0.0000,17.8781,140.6842,3.7638,0.0000,0.0000,0.0000,0.0000,8.6471,0.0000,23.3861,65.2262,0.0000,0.7592,167.0268,1.2429,69.7186];	TopMembershipsportsID6=[21.5022,3.5896,0.0000,0.0000,7.6756,111.1941,0.0000,0.0000,0.0000,9.6081,0.0000,3.9700,0.0000,20.8370,45.1834,0.2069,2.4364,130.4696,1.2994,56.0154];	TopMembershipsportsID7=[16.6558,14.6899,0.0000,0.0000,14.8796,125.2883,15.6433,0.0000,0.0000,0.0000,0.0000,0.0000,0.0000,20.4011,70.8309,0.0000,17.2559,151.6884,7.4307,61.1130];	TopMembershipsportsID8=[62.6021,37.3067,0.0000,0.0000,32.4432,362.5561,84.8214,0.0000,0.0000,10.9364,0.0000,11.1003,0.0000,66.3156,234.3615,0.0000,11.8467,442.2726,31.3672,188.3575];	TopMembershipsportsID9=[0.0000,0.0000,0.0000,35.0588,0.0000,330.5303,0.0000,91.4781,0.0000,0.0000,107.5240,0.0000,0.0000,0.0000,172.9092,0.0000,44.2553,455.3546,18.2092,181.8386];	TopMembershipsportsID10=[30.7523,8.8190,0.0000,2.4380,17.2876,142.9582,0.0000,0.0000,0.0000,8.6708,0.0000,15.4996,0.0896,27.3680,46.1668,21.7020,0.0000,165.4602,3.1174,73.4508];	TopMembershiponlineID1=[91.3235,87.6998,0.0000,45.6472,118.2756,103.0747,0.0000,0.0000,5.9363,0.0000,0.0000,117.8475,210.7836,64.9014,0.0000,0.0000,0.0000,44.5181,0.0000,44.2265];	TopMembershiponlineID2=[0.0000,16.7902,34.3195,0.0000,24.0173,9.6761,0.0000,0.0000,0.0000,0.0000,0.0000,12.5193,120.1594,0.0000,0.0000,51.5825,26.3630,0.0000,0.0000,0.0000];	TopMembershiponlineID3=[46.4790,18.0606,0.0000,55.0172,47.0994,36.4268,0.0000,0.0000,47.9896,9.5604,15.2595,0.0000,0.0000,62.3683,0.0000,0.0000,0.0000,0.0000,0.0000,56.0632];	TopMembershiponlineID4=[5.1235,13.5831,0.0000,0.0000,21.1991,9.2923,0.0000,18.7231,0.0000,0.0000,0.0000,12.2651,131.1954,0.0000,0.0000,43.6658,8.0847,11.2320,0.0000,0.0000];	TopMembershiponlineID5=[2.2341,10.3030,0.0000,0.0000,16.6620,9.6686,0.0000,22.5332,0.0000,0.0000,0.0000,7.7402,126.8970,0.0000,0.0000,42.0721,9.4933,13.7368,0.0000,0.0000];	TopMembershiponlineID6=[0.0000,6.2778,0.0000,74.4175,25.3799,0.0000,0.0000,0.0000,18.9775,0.0000,67.2508,17.1703,0.0000,23.2379,0.0000,0.0000,0.0000,0.0000,0.0000,25.4125];	TopMembershiponlineID7=[0.0000,0.0000,14.4089,0.0000,0.0000,2.2902,0.0000,0.0000,0.0000,0.0000,4.1039,44.6162,0.0000,0.0000,0.0000,40.2505,0.0000,17.1250,0.0000,0.0000];	TopMembershiponlineID8=[0.0000,0.0000,17.9125,0.0000,0.0000,0.0000,0.0000,4.5494,0.0000,0.0000,0.0000,22.8250,87.0897,0.0000,0.0000,46.0456,7.3226,12.7322,0.0000,0.0000];	TopMembershiponlineID9=[3.5800,5.9810,1.7788,0.0000,12.6360,10.2183,0.0000,5.1952,0.0000,0.0000,0.0000,6.2323,79.2394,0.0000,0.0000,41.0757,4.2827,16.2457,0.0000,0.0000];	TopMembershiponlineID10=[0.7383,13.3227,0.0000,0.0000,12.0946,12.9645,0.0000,18.1667,0.0000,0.0000,0.0000,19.7386,72.8775,0.0000,0.0000,30.3871,4.6177,11.8408,2.2447,0.0000];
readMat?
x
?readMat
help(readMat)
install.packages("R.matlab")
install.packages("r.matlab")
y
install.packages("R.matlab")
help(readMat)
library("R.matlab")
help(readMat)
readMat('it100.mat')
setwd("~/Dropbox/aaaaUCI/topic_modeling/furong4furong_Oriol")
readMat('it100.mat')
it100 <- readMat('it100.mat')
dim(it100)
summaru(it100)
summary(it100)
it200.crime
it100.crime
it100$crime
class(it100)
struct(it100)
str(it100)
it100$it100.crime
it100$it100.crime
help row.names
help(row.names)
it100$it100.crime
help(name)
names(it100$it100.crime) <- crime
names(it100$it100.crime) <- 'crime'
it100$it100.crime
it100$crime
it100$it100.crime
setwd("~/Dropbox/aaaaUCI/topic_modeling/furong4furong_Oriol")
it100 <- readMat('it100.mat')
it100
names(it100) <- c('crime', 'economy', 'education', 'online', 'sports')
it100$crime
it100$education
it100$economy
it100$sports
it100$online
it100
help("write.csv")
mkdir("data)")
mkdir("data")
it100$crime
class(it100$crime)
help(row.names)
row.names(it100$crime) <- c("floor", "prosecutor", "police", "defendant", "restaurant", "chef", "investigator", "witness", "zzz_phil_jackson", "witnesses")
it100$crime
row.names(it100$crime) <- c("floor", "prosecutor", "police", "defendant", "restaurant", "chef", "investigator", "witness", "zzz_phil_jackson", "witnesses")
row.names(it100$economy) <- c("percent", "market", "growth", "economy", "rate", "rates", "economist", "poll", "survey", "companies")
row.names(it100$education) <- c("children", "reading", "campus", "learn", "prayer", "application", "literature", "deaf", "learning", "textbook")
row.names(it100$online) <- c("com", "information", "www", "zzz_eastern", "commentary", "web", "business", "separate", "marked", "holiday")
row.names(it100$sports) <- c("game", "ball", "guy", "run", "allowed", "threw", "throw", "left", "play", "starter")
row.names(it100$crime) <- c("floor", "prosecutor", "police", "defendant", "restaurant", "chef", "investigator", "witness", "zzz_phil_jackson", "witnesses")
str(it100)
help("write.csv")
write.csv("it100", "data/it100/all.csv")
write.csv(it100, "data/it100/all.csv")
write.csv(it100, "data/it100/all.csv")
write.csv(it100, "data/it100/crime.csv")
write.csv(it100, "data/it100/economy.csv")
write.csv(it100, "data/it100/education.csv")
write.csv(it100, "data/it100/online.csv")
write.csv(it100, "data/it100/sports.csv")
write.csv(it100, "data/it100/all.csv")
write.csv(it100$crime, "data/it100/crime.csv")
write.csv(it100$economy, "data/it100/economy.csv")
write.csv(it100$education, "data/it100/education.csv")
write.csv(it100$online, "data/it100/online.csv")
write.csv(it100$sports, "data/it100/sports.csv")
